111111101010100001010101111111
100000101010100001010101000001
100000101010100001010101000001
100000111111100001111111000001
100000111111111111111111000001
100000111111111111111111000001
100000111111111111111111000001
100000111111111111111111000001
100000111111111111111111000001
100000111111111111111111000001
100000001111111111111100000001
100000001111111111111100000001
100000001111111111111100000001
100000001111111111111100000001
100000001111111111111100000001
100000001111100001111100000001
100000001111100001111100000001
100000001111100001111100000001
100000001111100001111100000001
100000001111100001111100000001
100000000000000000000000000001
100000000000000000000000000001
100000000000000000000000000001
100000000000000000000000000001
100000000000000000000000000001
100000000000000000000000000001
100000000000000000000000000001
100000000000000000000000000001
100000000000000000000000000001
111111111100000000001111111111
000000000000000000000000000000
000000000000000000000000000000
000000000000000000000000000000
