111111111111111111111111111111
100000000000000000000000000001
100000000000000000000000000001
100000001110000000000000000001
100000011111000000000000000001
100000111111100000000000000001
100110001111100000000000000001
100011101111100000000000000001
100000011110000000000000000001
100000111111110000000000000001
100000111111110000000000000000
100000111001110000000000000000
100000111001110000000000000000
100000111000111000000000000000
100000111100011100000000000000
100000011111000000000000000000
100000001110000000000000000000
100000011111000000000000000000
100000000000000000000000000000
100000000000000000000000000000
100000000000000000000000000001
100000000000000000000000000001
100000000000000000000000000001
100000000000000000000000000001
100000000000000000000000000001
100000000000000000000000000001
100000000000000000000000000001
100000000000000000000000000001
100000000000000000000000000001
111111111100000000001111111111
