111111111100000000001111111111
111111111100000000001111111111
111111111100000000001111111111
111000000000000000000000000111
111000000000000000000000000111
111000000000000000000000000111
111000000000000000000000000111
111000000000000000000000000111
111000000000000000000000000111
111000000000000000000000000111
000000000000000000000000000111
000000000000000000000000000111
000000000000000000000000000111
000000000000000000000000000111
000000000000000000000000000111
000000000000000000000000000111
000000000000000000000000000111
000000000000000000000000000111
000000000000000000000000000111
000000000000000000000000000111
111000000000000000000000000111
111000000000000000000000000111
111000000000000000000000000111
111000000000000000000000000111
111000000000000000000000000111
111000000000000000000000000111
111000000000000000000000000111
111000000000000000000000000111
111111111111111111111111111111
111111111111111111111111111111
