111111111100000000001111111111
100000000000000000000000000001
100000000000000000000000000001
100000000000000000000000000001
100000000000000000000000000001
100000000000000000000000000001
100000000000000000000000000001
100000000000000000000000000001
100000000000000000000000000001
100000000000000000000000000001
000000000000000000000000000000
000000000000000000000000000000
000000000000100001000000000000
000000000000010010000000000000
000000000000111111000000000000
000000000001101101100000000000
000000000011111111110000000000
000000000010111111010000000000
000000000010100001010000000000
000000000000010010000000000000
100000000000000000000000000001
100000000000000000000000000001
100000000000000000000000000001
100000000000000000000000000001
100000000000000000000000000001
100000000000000000000000000001
100000000000000000000000000001
100000000000000000000000000001
100000000000000000000000000001
111111111111111111111111111111
