111111111100000000001111111111
100000000000000000000000000001
100000000000000000000000000001
100000000000000000000000000001
100000000000000000000000000001
100000000000000000000000000001
101010101000010101010000000001
101010101000010101010000000001
101010101000010101010000000001
101111111000011111110000000001
101111111111111111110000000001
101111111111111111110000000001
101111111111111111110000000001
101111111111111111110000000001
101111111111111111110000000001
100011111111111111000000000001
100011111111111111000000000001
100011111111111111000000000001
100011111111111111000000000001
100011111000011111000000000001
100011111000011111000000000001
100011111000011111000000000001
100011111000011111000000000001
100011111000011111000000000001
100000000000000000000000000001
100000000000000000000000000001
100000000000000000000000000001
100000000000000000000000000001
100000000000000000000000000001
111111111111111111111111111111
