111111111111111111111111111111
100000000000000111111111111111
100000000000000111111111111111
100000000000000111111111111111
100000000000000111111111111111
100000000000000111111100000000
100000000000000111111100000000
100000000000000111111100000000
100000000000000111111100000000
100000000000000111111100000000
111111100000000111111100000011
111111100000000111111100000011
111111100000000111111100000011
111111100000000111111100000011
111111100000000111111100000011
111111100000000111111100000011
111111100000000111111100000011
111111100000000111111100000011
111111100000000111111100000000
111111100000000111111100000000
111111100000000111111100000000
111111100000000111111100000000
111111100000000111111100000000
111111100000000111111100000000
111111100000000111111111111111
111111100000000111111111111111
111111100000000111111111111111
111111100000000111111111111111
111111100000000111111111111111
111111100000000111111111111111
