111111111111111111111111111111
100000000000000000000011111111
100000000000000000000011111111
100000000000000000000011111111
100000000000000000000011111111
100000000000000000000011111111
000001111111111100000011111111
000001111111111100000011111111
000001100000000000000011111111
000001100000000000000011111111
000001100000000000000011111111
111111100000000000000011111111
111111100000001111111111111111
111111100000001111111111111111
111111100000000000000111111111
111111100000000000000111111111
111111100000000000000111111111
111111100000000000000111111111
111111111111111000000111111111
000000000111111000000111111111
000000000111111000000111111111
000000000111111000000111111111
000000000111111000000111111111
000000000111111000000111111111
000000000111111000000111111111
111000000111111000000111111111
111000000111111000000111111111
111000000111111000000111111111
111000000111111000000111111111
111000000111111000000111111111
