111111110000000011111111111111
111111110000000011111111111111
111111110000000011111111111111
111000000000000011111111111111
111000000000000011111111111111
111000000000000011111111111111
111000000000000011111111111111
111000000000000011111111111111
111000000000000011111111111111
111000000011111111110000000000
111000000011111111110000000000
111000000011111000110000000000
111000000011111011110000000000
111000000011110001110000000000
111000000011100000110000000000
111000000011100000110000000111
111000000011100000110000000111
111000000011110001110000000111
111000000011111111110000000111
111000000011111111110000000111
111000000000000000000000000111
111000000000000000000000000111
111000000000000000000000000111
111000000000000000000000000111
111000000000000000000000000111
111000000000000000000000000111
111000000000000000000000000111
111111111111111111111111111111
111111111111111111111111111111
111111111111111111111111111111
