111000000111111000000111111111
111000000111111000000111111111
111000000111111000000111111111
111000000111111000000111111111
111000000111111000000000000011
111000000111111000000000000011
111000000111111000000000000011
111000000111111000000000000011
111000000111111000000000000011
000000000111111000000000000011
000000000111111111111100000011
000000000111111111111100000011
000000000111111111111100000011
000000000111111111111100000011
000000000111111111111100000011
111111111111111111111100000011
111111111111000000000000000011
111111111111000000000000000011
111111111111000000000000000011
111111111111000000000000000011
111111111111000000000000000011
111111111111000000000000000011
111111111111000000111111111111
111111111111000000111111111111
111111111111000000111111111111
111111111111000000111111111111
111111111110000000011111111111
111111111110000000011111111111
111111111100000000001111111111
111111111100000000001111111111
