111111111111111111111111111111
100000000000000000000000000001
100000000000000000000000000001
100000000000000000000000000001
100000000000000000000000000001
100000000000000000000000000001
100000000000000000000000000001
100000000000000000000000000001
100000000000000000000000000001
100000000000000000000000000001
100000000000000000000000000001
100000000000000000000000000001
100000000000002300000000000001
100000000000004400000000000001
100000000000004400000000000001
100000000000000000000000000001
111111111111188881111111111111
111111111111000000111111111111
111111111118888888811111111111
111111111100000000001111111111
111111111888888888888111111111
111111110000000000000011111111
111111188888888888888881111111
111111000000000000000000111111
111118888888888888888888811111
111100000000000000000000001111
111888888888888888888888888111
110000000000000000000000000011
188888888888888888888888888881
111111111188888888881111111111
